00010
00020
00030
00040
00051
00052
00053
00061
00062
00071
00072
00100
00120
00121
00130
00140
00190
00195
00196
00230
00231
00232
00240
00250
00253
00260
00270
00280
00281
00290
00300
00310
00311
00312
00330
00331
00340
00350
00351
00360
00361
00362
00363
00364
00380
00400
00401
00402
00410
00430
00440
00450
00460
00471
00472
00473
00480
00500
00510
00511
00512
00513
00514
00520
00521
00522
00523
00524
00531
00532
00533
00534
00540
00550
00561
00562
00563
00564
00565
00590
00591
00592
00600
00601
00603
00604
00620
00621
00622
00623
00624
00625
00626
00627
00630
00633
00640
00642
00643
00650
00660
00670
00680
00710
00720
00730
00740
00750
00760
00770
00780
00785
00790
00791
00830
00860
00900
00901
00902
00903
00904
00905
00906
00908
00909
00910
00920
00930
00940
00941
00942
00943
00944
00945
00950
00960
00965
00966
00970
00980
00981
00982
00983
01010
01040
01051
01052
01053
01054
01055
01056
01057
01058
01060
01061
01062
01063
01064
01065
01066
01070
01100
01110
01120
01510
02010
02020
02030
02040
02060
03008
03010
03013
03015
03018
03020
03022
03030
03040
03050
03060
03070
03320
03410
03420
03430
03440
03450
04010
04011
04012
04013
04020
04060
04062
04070
04075
04080
04110
04111
04112
04113
04114
04115
04120
04122
04130
04140
04141
04142
04144
04145
04146
04150
04210
04260
04270
04310
04320
04330
04340
04350
04360
04370
04380
04510
04512
04514
04520
04530
04540
04610
04612
04614
04620
04621
04622
04623
04626
04630
04640
04650
04660
04662
04664
04666
04670
04672
04710
04711
04712
04720
04722
04730
04740
04742
04744
04745
04810
04910
04912
04914
04916
04920
04930
04940
04950
04960
04962
04964
04966
04970
04971
04972
04973
04974
04975
04976
04977
05010
05012
05014
05016
05020
05100
05110
05111
05120
05130
05131
05140
05142
05143
05144
05145
05146
05150
05160
05200
05210
05211
05212
05213
05214
05215
05216
05217
05218
05219
05220
05221
05222
05223
05310
05320
05322
05323
05330
05332
05340
05410
05412
05414
05416
07011
07012
07013
07014
07015
07016
07017
07018
07019
07020
07021
07023
07024
07025
07026
07027
07028
07029
07030
07031
07032
07033
07034
07035
07036
07037
07038
07039
07040
07041
07042
07043
07044
07045
07046
07047
07048
07110
07111
07112
07113
07114
07115
07116
07117
07211
07212
07213
07214
07215
07216
07217
07218
07219
07220
07221
07222
07223
07224
07225
07226
07227
07228
07229
07230
07231
